year	quarter	cocaine	fentanyl	fentanyl_analogue	heroin	meth	other
2016	Q1	46	2	1	40	1	10
2016	Q2	48	3	0	37	2	10
2016	Q3	46	5	1	37	1	10
2016	Q4	44	8	1	34	1	12
2017	Q1	37	16	1	34	1	11
2017	Q2	36	19	1	33	2	9
2017	Q3	30	21	3	33	2	11
2017	Q4	27	28	3	27	2	13
2018	Q1	24	33	4	29	2	8
2018	Q2	31	29	4	28	2	6
2018	Q3	33	30	5	24	3	5
2018	Q4	32	32	6	22	3	5
2019	Q1	31	33	7	21	1	7
